const float hdist_table[144][144] = {
{2, 2, 2, 2, 2, 2, 2, 2, 2, 2, 2, 2, 2, 0.181818, 0.190909, 0.20202, 0.215909, 0.233766, 0.257576, 0.290909, 0.340909, 0.424242, 0.590909, 2, 2, 0.190909, 0.2, 0.211111, 0.225, 0.242857, 0.266667, 0.3, 0.35, 0.433333, 0.6, 2, 2, 0.20202, 0.211111, 0.222222, 0.236111, 0.253968, 0.277778, 0.311111, 0.361111, 0.444444, 0.611111, 2, 2, 0.215909, 0.225, 0.236111, 0.25, 0.267857, 0.291667, 0.325, 0.375, 0.458333, 0.625, 2, 2, 0.233766, 0.242857, 0.253968, 0.267857, 0.285714, 0.309524, 0.342857, 0.392857, 0.47619, 0.642857, 2, 2, 0.257576, 0.266667, 0.277778, 0.291667, 0.309524, 0.333333, 0.366667, 0.416667, 0.5, 0.666667, 2, 2, 0.290909, 0.3, 0.311111, 0.325, 0.342857, 0.366667, 0.4, 0.45, 0.533333, 0.7, 2, 2, 0.340909, 0.35, 0.361111, 0.375, 0.392857, 0.416667, 0.45, 0.5, 0.583333, 0.75, 2, 2, 0.424242, 0.433333, 0.444444, 0.458333, 0.47619, 0.5, 0.533333, 0.583333, 0.666667, 0.833333, 2, 2, 0.590909, 0.6, 0.611111, 0.625, 0.642857, 0.666667, 0.7, 0.75, 0.833333, 1, 2, 2, 2, 2, 2, 2, 2, 2, 2, 2, 2, 2, 2, }, 
{2, 2, 2, 2, 2, 2, 2, 2, 2, 2, 2, 2, 2, 0.181818, 0.190909, 0.20202, 0.215909, 0.233766, 0.257576, 0.290909, 0.340909, 0.424242, 0.590909, 2, 2, 0.190909, 0.2, 0.211111, 0.225, 0.242857, 0.266667, 0.3, 0.35, 0.433333, 0.6, 2, 2, 0.20202, 0.211111, 0.222222, 0.236111, 0.253968, 0.277778, 0.311111, 0.361111, 0.444444, 0.611111, 2, 2, 0.215909, 0.225, 0.236111, 0.25, 0.267857, 0.291667, 0.325, 0.375, 0.458333, 0.625, 2, 2, 0.233766, 0.242857, 0.253968, 0.267857, 0.285714, 0.309524, 0.342857, 0.392857, 0.47619, 0.642857, 2, 2, 0.257576, 0.266667, 0.277778, 0.291667, 0.309524, 0.333333, 0.366667, 0.416667, 0.5, 0.666667, 2, 2, 0.290909, 0.3, 0.311111, 0.325, 0.342857, 0.366667, 0.4, 0.45, 0.533333, 0.7, 2, 2, 0.340909, 0.35, 0.361111, 0.375, 0.392857, 0.416667, 0.45, 0.5, 0.583333, 0.75, 2, 2, 0.424242, 0.433333, 0.444444, 0.458333, 0.47619, 0.5, 0.533333, 0.583333, 0.666667, 0.833333, 2, 2, 0.590909, 0.6, 0.611111, 0.625, 0.642857, 0.666667, 0.7, 0.75, 0.833333, 1, 2, 2, 2, 2, 2, 2, 2, 2, 2, 2, 2, 2, 2, }, 
{2, 2, 2, 2, 2, 2, 2, 2, 2, 2, 2, 2, 2, 0.181818, 0.190909, 0.20202, 0.215909, 0.233766, 0.257576, 0.290909, 0.340909, 0.424242, 0.590909, 2, 2, 0.190909, 0.2, 0.211111, 0.225, 0.242857, 0.266667, 0.3, 0.35, 0.433333, 0.6, 2, 2, 0.20202, 0.211111, 0.222222, 0.236111, 0.253968, 0.277778, 0.311111, 0.361111, 0.444444, 0.611111, 2, 2, 0.215909, 0.225, 0.236111, 0.25, 0.267857, 0.291667, 0.325, 0.375, 0.458333, 0.625, 2, 2, 0.233766, 0.242857, 0.253968, 0.267857, 0.285714, 0.309524, 0.342857, 0.392857, 0.47619, 0.642857, 2, 2, 0.257576, 0.266667, 0.277778, 0.291667, 0.309524, 0.333333, 0.366667, 0.416667, 0.5, 0.666667, 2, 2, 0.290909, 0.3, 0.311111, 0.325, 0.342857, 0.366667, 0.4, 0.45, 0.533333, 0.7, 2, 2, 0.340909, 0.35, 0.361111, 0.375, 0.392857, 0.416667, 0.45, 0.5, 0.583333, 0.75, 2, 2, 0.424242, 0.433333, 0.444444, 0.458333, 0.47619, 0.5, 0.533333, 0.583333, 0.666667, 0.833333, 2, 2, 0.590909, 0.6, 0.611111, 0.625, 0.642857, 0.666667, 0.7, 0.75, 0.833333, 1, 2, 2, 2, 2, 2, 2, 2, 2, 2, 2, 2, 2, 2, }, 
{2, 2, 2, 2, 2, 2, 2, 2, 2, 2, 2, 2, 2, 0.181818, 0.190909, 0.20202, 0.215909, 0.233766, 0.257576, 0.290909, 0.340909, 0.424242, 0.590909, 2, 2, 0.190909, 0.2, 0.211111, 0.225, 0.242857, 0.266667, 0.3, 0.35, 0.433333, 0.6, 2, 2, 0.20202, 0.211111, 0.222222, 0.236111, 0.253968, 0.277778, 0.311111, 0.361111, 0.444444, 0.611111, 2, 2, 0.215909, 0.225, 0.236111, 0.25, 0.267857, 0.291667, 0.325, 0.375, 0.458333, 0.625, 2, 2, 0.233766, 0.242857, 0.253968, 0.267857, 0.285714, 0.309524, 0.342857, 0.392857, 0.47619, 0.642857, 2, 2, 0.257576, 0.266667, 0.277778, 0.291667, 0.309524, 0.333333, 0.366667, 0.416667, 0.5, 0.666667, 2, 2, 0.290909, 0.3, 0.311111, 0.325, 0.342857, 0.366667, 0.4, 0.45, 0.533333, 0.7, 2, 2, 0.340909, 0.35, 0.361111, 0.375, 0.392857, 0.416667, 0.45, 0.5, 0.583333, 0.75, 2, 2, 0.424242, 0.433333, 0.444444, 0.458333, 0.47619, 0.5, 0.533333, 0.583333, 0.666667, 0.833333, 2, 2, 0.590909, 0.6, 0.611111, 0.625, 0.642857, 0.666667, 0.7, 0.75, 0.833333, 1, 2, 2, 2, 2, 2, 2, 2, 2, 2, 2, 2, 2, 2, }, 
{2, 2, 2, 2, 2, 2, 2, 2, 2, 2, 2, 2, 2, 0.181818, 0.190909, 0.20202, 0.215909, 0.233766, 0.257576, 0.290909, 0.340909, 0.424242, 0.590909, 2, 2, 0.190909, 0.2, 0.211111, 0.225, 0.242857, 0.266667, 0.3, 0.35, 0.433333, 0.6, 2, 2, 0.20202, 0.211111, 0.222222, 0.236111, 0.253968, 0.277778, 0.311111, 0.361111, 0.444444, 0.611111, 2, 2, 0.215909, 0.225, 0.236111, 0.25, 0.267857, 0.291667, 0.325, 0.375, 0.458333, 0.625, 2, 2, 0.233766, 0.242857, 0.253968, 0.267857, 0.285714, 0.309524, 0.342857, 0.392857, 0.47619, 0.642857, 2, 2, 0.257576, 0.266667, 0.277778, 0.291667, 0.309524, 0.333333, 0.366667, 0.416667, 0.5, 0.666667, 2, 2, 0.290909, 0.3, 0.311111, 0.325, 0.342857, 0.366667, 0.4, 0.45, 0.533333, 0.7, 2, 2, 0.340909, 0.35, 0.361111, 0.375, 0.392857, 0.416667, 0.45, 0.5, 0.583333, 0.75, 2, 2, 0.424242, 0.433333, 0.444444, 0.458333, 0.47619, 0.5, 0.533333, 0.583333, 0.666667, 0.833333, 2, 2, 0.590909, 0.6, 0.611111, 0.625, 0.642857, 0.666667, 0.7, 0.75, 0.833333, 1, 2, 2, 2, 2, 2, 2, 2, 2, 2, 2, 2, 2, 2, }, 
{2, 2, 2, 2, 2, 2, 2, 2, 2, 2, 2, 2, 2, 0.181818, 0.190909, 0.20202, 0.215909, 0.233766, 0.257576, 0.290909, 0.340909, 0.424242, 0.590909, 2, 2, 0.190909, 0.2, 0.211111, 0.225, 0.242857, 0.266667, 0.3, 0.35, 0.433333, 0.6, 2, 2, 0.20202, 0.211111, 0.222222, 0.236111, 0.253968, 0.277778, 0.311111, 0.361111, 0.444444, 0.611111, 2, 2, 0.215909, 0.225, 0.236111, 0.25, 0.267857, 0.291667, 0.325, 0.375, 0.458333, 0.625, 2, 2, 0.233766, 0.242857, 0.253968, 0.267857, 0.285714, 0.309524, 0.342857, 0.392857, 0.47619, 0.642857, 2, 2, 0.257576, 0.266667, 0.277778, 0.291667, 0.309524, 0.333333, 0.366667, 0.416667, 0.5, 0.666667, 2, 2, 0.290909, 0.3, 0.311111, 0.325, 0.342857, 0.366667, 0.4, 0.45, 0.533333, 0.7, 2, 2, 0.340909, 0.35, 0.361111, 0.375, 0.392857, 0.416667, 0.45, 0.5, 0.583333, 0.75, 2, 2, 0.424242, 0.433333, 0.444444, 0.458333, 0.47619, 0.5, 0.533333, 0.583333, 0.666667, 0.833333, 2, 2, 0.590909, 0.6, 0.611111, 0.625, 0.642857, 0.666667, 0.7, 0.75, 0.833333, 1, 2, 2, 2, 2, 2, 2, 2, 2, 2, 2, 2, 2, 2, }, 
{2, 2, 2, 2, 2, 2, 2, 2, 2, 2, 2, 2, 2, 0.181818, 0.190909, 0.20202, 0.215909, 0.233766, 0.257576, 0.290909, 0.340909, 0.424242, 0.590909, 2, 2, 0.190909, 0.2, 0.211111, 0.225, 0.242857, 0.266667, 0.3, 0.35, 0.433333, 0.6, 2, 2, 0.20202, 0.211111, 0.222222, 0.236111, 0.253968, 0.277778, 0.311111, 0.361111, 0.444444, 0.611111, 2, 2, 0.215909, 0.225, 0.236111, 0.25, 0.267857, 0.291667, 0.325, 0.375, 0.458333, 0.625, 2, 2, 0.233766, 0.242857, 0.253968, 0.267857, 0.285714, 0.309524, 0.342857, 0.392857, 0.47619, 0.642857, 2, 2, 0.257576, 0.266667, 0.277778, 0.291667, 0.309524, 0.333333, 0.366667, 0.416667, 0.5, 0.666667, 2, 2, 0.290909, 0.3, 0.311111, 0.325, 0.342857, 0.366667, 0.4, 0.45, 0.533333, 0.7, 2, 2, 0.340909, 0.35, 0.361111, 0.375, 0.392857, 0.416667, 0.45, 0.5, 0.583333, 0.75, 2, 2, 0.424242, 0.433333, 0.444444, 0.458333, 0.47619, 0.5, 0.533333, 0.583333, 0.666667, 0.833333, 2, 2, 0.590909, 0.6, 0.611111, 0.625, 0.642857, 0.666667, 0.7, 0.75, 0.833333, 1, 2, 2, 2, 2, 2, 2, 2, 2, 2, 2, 2, 2, 2, }, 
{2, 2, 2, 2, 2, 2, 2, 2, 2, 2, 2, 2, 2, 0.181818, 0.190909, 0.20202, 0.215909, 0.233766, 0.257576, 0.290909, 0.340909, 0.424242, 0.590909, 2, 2, 0.190909, 0.2, 0.211111, 0.225, 0.242857, 0.266667, 0.3, 0.35, 0.433333, 0.6, 2, 2, 0.20202, 0.211111, 0.222222, 0.236111, 0.253968, 0.277778, 0.311111, 0.361111, 0.444444, 0.611111, 2, 2, 0.215909, 0.225, 0.236111, 0.25, 0.267857, 0.291667, 0.325, 0.375, 0.458333, 0.625, 2, 2, 0.233766, 0.242857, 0.253968, 0.267857, 0.285714, 0.309524, 0.342857, 0.392857, 0.47619, 0.642857, 2, 2, 0.257576, 0.266667, 0.277778, 0.291667, 0.309524, 0.333333, 0.366667, 0.416667, 0.5, 0.666667, 2, 2, 0.290909, 0.3, 0.311111, 0.325, 0.342857, 0.366667, 0.4, 0.45, 0.533333, 0.7, 2, 2, 0.340909, 0.35, 0.361111, 0.375, 0.392857, 0.416667, 0.45, 0.5, 0.583333, 0.75, 2, 2, 0.424242, 0.433333, 0.444444, 0.458333, 0.47619, 0.5, 0.533333, 0.583333, 0.666667, 0.833333, 2, 2, 0.590909, 0.6, 0.611111, 0.625, 0.642857, 0.666667, 0.7, 0.75, 0.833333, 1, 2, 2, 2, 2, 2, 2, 2, 2, 2, 2, 2, 2, 2, }, 
{2, 2, 2, 2, 2, 2, 2, 2, 2, 2, 2, 2, 2, 0.181818, 0.190909, 0.20202, 0.215909, 0.233766, 0.257576, 0.290909, 0.340909, 0.424242, 0.590909, 2, 2, 0.190909, 0.2, 0.211111, 0.225, 0.242857, 0.266667, 0.3, 0.35, 0.433333, 0.6, 2, 2, 0.20202, 0.211111, 0.222222, 0.236111, 0.253968, 0.277778, 0.311111, 0.361111, 0.444444, 0.611111, 2, 2, 0.215909, 0.225, 0.236111, 0.25, 0.267857, 0.291667, 0.325, 0.375, 0.458333, 0.625, 2, 2, 0.233766, 0.242857, 0.253968, 0.267857, 0.285714, 0.309524, 0.342857, 0.392857, 0.47619, 0.642857, 2, 2, 0.257576, 0.266667, 0.277778, 0.291667, 0.309524, 0.333333, 0.366667, 0.416667, 0.5, 0.666667, 2, 2, 0.290909, 0.3, 0.311111, 0.325, 0.342857, 0.366667, 0.4, 0.45, 0.533333, 0.7, 2, 2, 0.340909, 0.35, 0.361111, 0.375, 0.392857, 0.416667, 0.45, 0.5, 0.583333, 0.75, 2, 2, 0.424242, 0.433333, 0.444444, 0.458333, 0.47619, 0.5, 0.533333, 0.583333, 0.666667, 0.833333, 2, 2, 0.590909, 0.6, 0.611111, 0.625, 0.642857, 0.666667, 0.7, 0.75, 0.833333, 1, 2, 2, 2, 2, 2, 2, 2, 2, 2, 2, 2, 2, 2, }, 
{2, 2, 2, 2, 2, 2, 2, 2, 2, 2, 2, 2, 2, 0.181818, 0.190909, 0.20202, 0.215909, 0.233766, 0.257576, 0.290909, 0.340909, 0.424242, 0.590909, 2, 2, 0.190909, 0.2, 0.211111, 0.225, 0.242857, 0.266667, 0.3, 0.35, 0.433333, 0.6, 2, 2, 0.20202, 0.211111, 0.222222, 0.236111, 0.253968, 0.277778, 0.311111, 0.361111, 0.444444, 0.611111, 2, 2, 0.215909, 0.225, 0.236111, 0.25, 0.267857, 0.291667, 0.325, 0.375, 0.458333, 0.625, 2, 2, 0.233766, 0.242857, 0.253968, 0.267857, 0.285714, 0.309524, 0.342857, 0.392857, 0.47619, 0.642857, 2, 2, 0.257576, 0.266667, 0.277778, 0.291667, 0.309524, 0.333333, 0.366667, 0.416667, 0.5, 0.666667, 2, 2, 0.290909, 0.3, 0.311111, 0.325, 0.342857, 0.366667, 0.4, 0.45, 0.533333, 0.7, 2, 2, 0.340909, 0.35, 0.361111, 0.375, 0.392857, 0.416667, 0.45, 0.5, 0.583333, 0.75, 2, 2, 0.424242, 0.433333, 0.444444, 0.458333, 0.47619, 0.5, 0.533333, 0.583333, 0.666667, 0.833333, 2, 2, 0.590909, 0.6, 0.611111, 0.625, 0.642857, 0.666667, 0.7, 0.75, 0.833333, 1, 2, 2, 2, 2, 2, 2, 2, 2, 2, 2, 2, 2, 2, }, 
{2, 2, 2, 2, 2, 2, 2, 2, 2, 2, 2, 2, 2, 0.181818, 0.190909, 0.20202, 0.215909, 0.233766, 0.257576, 0.290909, 0.340909, 0.424242, 0.590909, 2, 2, 0.190909, 0.2, 0.211111, 0.225, 0.242857, 0.266667, 0.3, 0.35, 0.433333, 0.6, 2, 2, 0.20202, 0.211111, 0.222222, 0.236111, 0.253968, 0.277778, 0.311111, 0.361111, 0.444444, 0.611111, 2, 2, 0.215909, 0.225, 0.236111, 0.25, 0.267857, 0.291667, 0.325, 0.375, 0.458333, 0.625, 2, 2, 0.233766, 0.242857, 0.253968, 0.267857, 0.285714, 0.309524, 0.342857, 0.392857, 0.47619, 0.642857, 2, 2, 0.257576, 0.266667, 0.277778, 0.291667, 0.309524, 0.333333, 0.366667, 0.416667, 0.5, 0.666667, 2, 2, 0.290909, 0.3, 0.311111, 0.325, 0.342857, 0.366667, 0.4, 0.45, 0.533333, 0.7, 2, 2, 0.340909, 0.35, 0.361111, 0.375, 0.392857, 0.416667, 0.45, 0.5, 0.583333, 0.75, 2, 2, 0.424242, 0.433333, 0.444444, 0.458333, 0.47619, 0.5, 0.533333, 0.583333, 0.666667, 0.833333, 2, 2, 0.590909, 0.6, 0.611111, 0.625, 0.642857, 0.666667, 0.7, 0.75, 0.833333, 1, 2, 2, 2, 2, 2, 2, 2, 2, 2, 2, 2, 2, 2, }, 
{2, 2, 2, 2, 2, 2, 2, 2, 2, 2, 2, 2, 2, 0.181818, 0.190909, 0.20202, 0.215909, 0.233766, 0.257576, 0.290909, 0.340909, 0.424242, 0.590909, 2, 2, 0.190909, 0.2, 0.211111, 0.225, 0.242857, 0.266667, 0.3, 0.35, 0.433333, 0.6, 2, 2, 0.20202, 0.211111, 0.222222, 0.236111, 0.253968, 0.277778, 0.311111, 0.361111, 0.444444, 0.611111, 2, 2, 0.215909, 0.225, 0.236111, 0.25, 0.267857, 0.291667, 0.325, 0.375, 0.458333, 0.625, 2, 2, 0.233766, 0.242857, 0.253968, 0.267857, 0.285714, 0.309524, 0.342857, 0.392857, 0.47619, 0.642857, 2, 2, 0.257576, 0.266667, 0.277778, 0.291667, 0.309524, 0.333333, 0.366667, 0.416667, 0.5, 0.666667, 2, 2, 0.290909, 0.3, 0.311111, 0.325, 0.342857, 0.366667, 0.4, 0.45, 0.533333, 0.7, 2, 2, 0.340909, 0.35, 0.361111, 0.375, 0.392857, 0.416667, 0.45, 0.5, 0.583333, 0.75, 2, 2, 0.424242, 0.433333, 0.444444, 0.458333, 0.47619, 0.5, 0.533333, 0.583333, 0.666667, 0.833333, 2, 2, 0.590909, 0.6, 0.611111, 0.625, 0.642857, 0.666667, 0.7, 0.75, 0.833333, 1, 2, 2, 2, 2, 2, 2, 2, 2, 2, 2, 2, 2, 2, }, 
{2, 2, 2, 2, 2, 2, 2, 2, 2, 2, 2, 2, 2, 0.181818, 0.190909, 0.20202, 0.215909, 0.233766, 0.257576, 0.290909, 0.340909, 0.424242, 0.590909, 2, 2, 0.190909, 0.2, 0.211111, 0.225, 0.242857, 0.266667, 0.3, 0.35, 0.433333, 0.6, 2, 2, 0.20202, 0.211111, 0.222222, 0.236111, 0.253968, 0.277778, 0.311111, 0.361111, 0.444444, 0.611111, 2, 2, 0.215909, 0.225, 0.236111, 0.25, 0.267857, 0.291667, 0.325, 0.375, 0.458333, 0.625, 2, 2, 0.233766, 0.242857, 0.253968, 0.267857, 0.285714, 0.309524, 0.342857, 0.392857, 0.47619, 0.642857, 2, 2, 0.257576, 0.266667, 0.277778, 0.291667, 0.309524, 0.333333, 0.366667, 0.416667, 0.5, 0.666667, 2, 2, 0.290909, 0.3, 0.311111, 0.325, 0.342857, 0.366667, 0.4, 0.45, 0.533333, 0.7, 2, 2, 0.340909, 0.35, 0.361111, 0.375, 0.392857, 0.416667, 0.45, 0.5, 0.583333, 0.75, 2, 2, 0.424242, 0.433333, 0.444444, 0.458333, 0.47619, 0.5, 0.533333, 0.583333, 0.666667, 0.833333, 2, 2, 0.590909, 0.6, 0.611111, 0.625, 0.642857, 0.666667, 0.7, 0.75, 0.833333, 1, 2, 2, 2, 2, 2, 2, 2, 2, 2, 2, 2, 2, 2, }, 
{0.181818, 0.181818, 0.181818, 0.181818, 0.181818, 0.181818, 0.181818, 0.181818, 0.181818, 0.181818, 0.181818, 0.181818, 0.181818, 2, 1.5, 1.33333, 1.25, 1.2, 1.16667, 1.14286, 1.125, 1.11111, 1.1, 0.181818, 0.181818, 1.5, 1, 0.833333, 0.75, 0.7, 0.666667, 0.642857, 0.625, 0.611111, 0.6, 0.181818, 0.181818, 1.33333, 0.833333, 0.666667, 0.583333, 0.533333, 0.5, 0.47619, 0.458333, 0.444444, 0.433333, 0.181818, 0.181818, 1.25, 0.75, 0.583333, 0.5, 0.45, 0.416667, 0.392857, 0.375, 0.361111, 0.35, 0.181818, 0.181818, 1.2, 0.7, 0.533333, 0.45, 0.4, 0.366667, 0.342857, 0.325, 0.311111, 0.3, 0.181818, 0.181818, 1.16667, 0.666667, 0.5, 0.416667, 0.366667, 0.333333, 0.309524, 0.291667, 0.277778, 0.266667, 0.181818, 0.181818, 1.14286, 0.642857, 0.47619, 0.392857, 0.342857, 0.309524, 0.285714, 0.267857, 0.253968, 0.242857, 0.181818, 0.181818, 1.125, 0.625, 0.458333, 0.375, 0.325, 0.291667, 0.267857, 0.25, 0.236111, 0.225, 0.181818, 0.181818, 1.11111, 0.611111, 0.444444, 0.361111, 0.311111, 0.277778, 0.253968, 0.236111, 0.222222, 0.211111, 0.181818, 0.181818, 1.1, 0.6, 0.433333, 0.35, 0.3, 0.266667, 0.242857, 0.225, 0.211111, 0.2, 0.181818, 0.181818, 0.181818, 0.181818, 0.181818, 0.181818, 0.181818, 0.181818, 0.181818, 0.181818, 0.181818, 0.181818, 0.181818, }, 
{0.190909, 0.190909, 0.190909, 0.190909, 0.190909, 0.190909, 0.190909, 0.190909, 0.190909, 0.190909, 0.190909, 0.190909, 0.190909, 1.5, 2, 1.5, 1.33333, 1.25, 1.2, 1.16667, 1.14286, 1.125, 1.11111, 0.190909, 0.190909, 1, 1.5, 1, 0.833333, 0.75, 0.7, 0.666667, 0.642857, 0.625, 0.611111, 0.190909, 0.190909, 0.833333, 1.33333, 0.833333, 0.666667, 0.583333, 0.533333, 0.5, 0.47619, 0.458333, 0.444444, 0.190909, 0.190909, 0.75, 1.25, 0.75, 0.583333, 0.5, 0.45, 0.416667, 0.392857, 0.375, 0.361111, 0.190909, 0.190909, 0.7, 1.2, 0.7, 0.533333, 0.45, 0.4, 0.366667, 0.342857, 0.325, 0.311111, 0.190909, 0.190909, 0.666667, 1.16667, 0.666667, 0.5, 0.416667, 0.366667, 0.333333, 0.309524, 0.291667, 0.277778, 0.190909, 0.190909, 0.642857, 1.14286, 0.642857, 0.47619, 0.392857, 0.342857, 0.309524, 0.285714, 0.267857, 0.253968, 0.190909, 0.190909, 0.625, 1.125, 0.625, 0.458333, 0.375, 0.325, 0.291667, 0.267857, 0.25, 0.236111, 0.190909, 0.190909, 0.611111, 1.11111, 0.611111, 0.444444, 0.361111, 0.311111, 0.277778, 0.253968, 0.236111, 0.222222, 0.190909, 0.190909, 0.6, 1.1, 0.6, 0.433333, 0.35, 0.3, 0.266667, 0.242857, 0.225, 0.211111, 0.190909, 0.190909, 0.190909, 0.190909, 0.190909, 0.190909, 0.190909, 0.190909, 0.190909, 0.190909, 0.190909, 0.190909, 0.190909, }, 
{0.20202, 0.20202, 0.20202, 0.20202, 0.20202, 0.20202, 0.20202, 0.20202, 0.20202, 0.20202, 0.20202, 0.20202, 0.20202, 1.33333, 1.5, 2, 1.5, 1.33333, 1.25, 1.2, 1.16667, 1.14286, 1.125, 0.20202, 0.20202, 0.833333, 1, 1.5, 1, 0.833333, 0.75, 0.7, 0.666667, 0.642857, 0.625, 0.20202, 0.20202, 0.666667, 0.833333, 1.33333, 0.833333, 0.666667, 0.583333, 0.533333, 0.5, 0.47619, 0.458333, 0.20202, 0.20202, 0.583333, 0.75, 1.25, 0.75, 0.583333, 0.5, 0.45, 0.416667, 0.392857, 0.375, 0.20202, 0.20202, 0.533333, 0.7, 1.2, 0.7, 0.533333, 0.45, 0.4, 0.366667, 0.342857, 0.325, 0.20202, 0.20202, 0.5, 0.666667, 1.16667, 0.666667, 0.5, 0.416667, 0.366667, 0.333333, 0.309524, 0.291667, 0.20202, 0.20202, 0.47619, 0.642857, 1.14286, 0.642857, 0.47619, 0.392857, 0.342857, 0.309524, 0.285714, 0.267857, 0.20202, 0.20202, 0.458333, 0.625, 1.125, 0.625, 0.458333, 0.375, 0.325, 0.291667, 0.267857, 0.25, 0.20202, 0.20202, 0.444444, 0.611111, 1.11111, 0.611111, 0.444444, 0.361111, 0.311111, 0.277778, 0.253968, 0.236111, 0.20202, 0.20202, 0.433333, 0.6, 1.1, 0.6, 0.433333, 0.35, 0.3, 0.266667, 0.242857, 0.225, 0.20202, 0.20202, 0.20202, 0.20202, 0.20202, 0.20202, 0.20202, 0.20202, 0.20202, 0.20202, 0.20202, 0.20202, 0.20202, }, 
{0.215909, 0.215909, 0.215909, 0.215909, 0.215909, 0.215909, 0.215909, 0.215909, 0.215909, 0.215909, 0.215909, 0.215909, 0.215909, 1.25, 1.33333, 1.5, 2, 1.5, 1.33333, 1.25, 1.2, 1.16667, 1.14286, 0.215909, 0.215909, 0.75, 0.833333, 1, 1.5, 1, 0.833333, 0.75, 0.7, 0.666667, 0.642857, 0.215909, 0.215909, 0.583333, 0.666667, 0.833333, 1.33333, 0.833333, 0.666667, 0.583333, 0.533333, 0.5, 0.47619, 0.215909, 0.215909, 0.5, 0.583333, 0.75, 1.25, 0.75, 0.583333, 0.5, 0.45, 0.416667, 0.392857, 0.215909, 0.215909, 0.45, 0.533333, 0.7, 1.2, 0.7, 0.533333, 0.45, 0.4, 0.366667, 0.342857, 0.215909, 0.215909, 0.416667, 0.5, 0.666667, 1.16667, 0.666667, 0.5, 0.416667, 0.366667, 0.333333, 0.309524, 0.215909, 0.215909, 0.392857, 0.47619, 0.642857, 1.14286, 0.642857, 0.47619, 0.392857, 0.342857, 0.309524, 0.285714, 0.215909, 0.215909, 0.375, 0.458333, 0.625, 1.125, 0.625, 0.458333, 0.375, 0.325, 0.291667, 0.267857, 0.215909, 0.215909, 0.361111, 0.444444, 0.611111, 1.11111, 0.611111, 0.444444, 0.361111, 0.311111, 0.277778, 0.253968, 0.215909, 0.215909, 0.35, 0.433333, 0.6, 1.1, 0.6, 0.433333, 0.35, 0.3, 0.266667, 0.242857, 0.215909, 0.215909, 0.215909, 0.215909, 0.215909, 0.215909, 0.215909, 0.215909, 0.215909, 0.215909, 0.215909, 0.215909, 0.215909, }, 
{0.233766, 0.233766, 0.233766, 0.233766, 0.233766, 0.233766, 0.233766, 0.233766, 0.233766, 0.233766, 0.233766, 0.233766, 0.233766, 1.2, 1.25, 1.33333, 1.5, 2, 1.5, 1.33333, 1.25, 1.2, 1.16667, 0.233766, 0.233766, 0.7, 0.75, 0.833333, 1, 1.5, 1, 0.833333, 0.75, 0.7, 0.666667, 0.233766, 0.233766, 0.533333, 0.583333, 0.666667, 0.833333, 1.33333, 0.833333, 0.666667, 0.583333, 0.533333, 0.5, 0.233766, 0.233766, 0.45, 0.5, 0.583333, 0.75, 1.25, 0.75, 0.583333, 0.5, 0.45, 0.416667, 0.233766, 0.233766, 0.4, 0.45, 0.533333, 0.7, 1.2, 0.7, 0.533333, 0.45, 0.4, 0.366667, 0.233766, 0.233766, 0.366667, 0.416667, 0.5, 0.666667, 1.16667, 0.666667, 0.5, 0.416667, 0.366667, 0.333333, 0.233766, 0.233766, 0.342857, 0.392857, 0.47619, 0.642857, 1.14286, 0.642857, 0.47619, 0.392857, 0.342857, 0.309524, 0.233766, 0.233766, 0.325, 0.375, 0.458333, 0.625, 1.125, 0.625, 0.458333, 0.375, 0.325, 0.291667, 0.233766, 0.233766, 0.311111, 0.361111, 0.444444, 0.611111, 1.11111, 0.611111, 0.444444, 0.361111, 0.311111, 0.277778, 0.233766, 0.233766, 0.3, 0.35, 0.433333, 0.6, 1.1, 0.6, 0.433333, 0.35, 0.3, 0.266667, 0.233766, 0.233766, 0.233766, 0.233766, 0.233766, 0.233766, 0.233766, 0.233766, 0.233766, 0.233766, 0.233766, 0.233766, 0.233766, }, 
{0.257576, 0.257576, 0.257576, 0.257576, 0.257576, 0.257576, 0.257576, 0.257576, 0.257576, 0.257576, 0.257576, 0.257576, 0.257576, 1.16667, 1.2, 1.25, 1.33333, 1.5, 2, 1.5, 1.33333, 1.25, 1.2, 0.257576, 0.257576, 0.666667, 0.7, 0.75, 0.833333, 1, 1.5, 1, 0.833333, 0.75, 0.7, 0.257576, 0.257576, 0.5, 0.533333, 0.583333, 0.666667, 0.833333, 1.33333, 0.833333, 0.666667, 0.583333, 0.533333, 0.257576, 0.257576, 0.416667, 0.45, 0.5, 0.583333, 0.75, 1.25, 0.75, 0.583333, 0.5, 0.45, 0.257576, 0.257576, 0.366667, 0.4, 0.45, 0.533333, 0.7, 1.2, 0.7, 0.533333, 0.45, 0.4, 0.257576, 0.257576, 0.333333, 0.366667, 0.416667, 0.5, 0.666667, 1.16667, 0.666667, 0.5, 0.416667, 0.366667, 0.257576, 0.257576, 0.309524, 0.342857, 0.392857, 0.47619, 0.642857, 1.14286, 0.642857, 0.47619, 0.392857, 0.342857, 0.257576, 0.257576, 0.291667, 0.325, 0.375, 0.458333, 0.625, 1.125, 0.625, 0.458333, 0.375, 0.325, 0.257576, 0.257576, 0.277778, 0.311111, 0.361111, 0.444444, 0.611111, 1.11111, 0.611111, 0.444444, 0.361111, 0.311111, 0.257576, 0.257576, 0.266667, 0.3, 0.35, 0.433333, 0.6, 1.1, 0.6, 0.433333, 0.35, 0.3, 0.257576, 0.257576, 0.257576, 0.257576, 0.257576, 0.257576, 0.257576, 0.257576, 0.257576, 0.257576, 0.257576, 0.257576, 0.257576, }, 
{0.290909, 0.290909, 0.290909, 0.290909, 0.290909, 0.290909, 0.290909, 0.290909, 0.290909, 0.290909, 0.290909, 0.290909, 0.290909, 1.14286, 1.16667, 1.2, 1.25, 1.33333, 1.5, 2, 1.5, 1.33333, 1.25, 0.290909, 0.290909, 0.642857, 0.666667, 0.7, 0.75, 0.833333, 1, 1.5, 1, 0.833333, 0.75, 0.290909, 0.290909, 0.47619, 0.5, 0.533333, 0.583333, 0.666667, 0.833333, 1.33333, 0.833333, 0.666667, 0.583333, 0.290909, 0.290909, 0.392857, 0.416667, 0.45, 0.5, 0.583333, 0.75, 1.25, 0.75, 0.583333, 0.5, 0.290909, 0.290909, 0.342857, 0.366667, 0.4, 0.45, 0.533333, 0.7, 1.2, 0.7, 0.533333, 0.45, 0.290909, 0.290909, 0.309524, 0.333333, 0.366667, 0.416667, 0.5, 0.666667, 1.16667, 0.666667, 0.5, 0.416667, 0.290909, 0.290909, 0.285714, 0.309524, 0.342857, 0.392857, 0.47619, 0.642857, 1.14286, 0.642857, 0.47619, 0.392857, 0.290909, 0.290909, 0.267857, 0.291667, 0.325, 0.375, 0.458333, 0.625, 1.125, 0.625, 0.458333, 0.375, 0.290909, 0.290909, 0.253968, 0.277778, 0.311111, 0.361111, 0.444444, 0.611111, 1.11111, 0.611111, 0.444444, 0.361111, 0.290909, 0.290909, 0.242857, 0.266667, 0.3, 0.35, 0.433333, 0.6, 1.1, 0.6, 0.433333, 0.35, 0.290909, 0.290909, 0.290909, 0.290909, 0.290909, 0.290909, 0.290909, 0.290909, 0.290909, 0.290909, 0.290909, 0.290909, 0.290909, }, 
{0.340909, 0.340909, 0.340909, 0.340909, 0.340909, 0.340909, 0.340909, 0.340909, 0.340909, 0.340909, 0.340909, 0.340909, 0.340909, 1.125, 1.14286, 1.16667, 1.2, 1.25, 1.33333, 1.5, 2, 1.5, 1.33333, 0.340909, 0.340909, 0.625, 0.642857, 0.666667, 0.7, 0.75, 0.833333, 1, 1.5, 1, 0.833333, 0.340909, 0.340909, 0.458333, 0.47619, 0.5, 0.533333, 0.583333, 0.666667, 0.833333, 1.33333, 0.833333, 0.666667, 0.340909, 0.340909, 0.375, 0.392857, 0.416667, 0.45, 0.5, 0.583333, 0.75, 1.25, 0.75, 0.583333, 0.340909, 0.340909, 0.325, 0.342857, 0.366667, 0.4, 0.45, 0.533333, 0.7, 1.2, 0.7, 0.533333, 0.340909, 0.340909, 0.291667, 0.309524, 0.333333, 0.366667, 0.416667, 0.5, 0.666667, 1.16667, 0.666667, 0.5, 0.340909, 0.340909, 0.267857, 0.285714, 0.309524, 0.342857, 0.392857, 0.47619, 0.642857, 1.14286, 0.642857, 0.47619, 0.340909, 0.340909, 0.25, 0.267857, 0.291667, 0.325, 0.375, 0.458333, 0.625, 1.125, 0.625, 0.458333, 0.340909, 0.340909, 0.236111, 0.253968, 0.277778, 0.311111, 0.361111, 0.444444, 0.611111, 1.11111, 0.611111, 0.444444, 0.340909, 0.340909, 0.225, 0.242857, 0.266667, 0.3, 0.35, 0.433333, 0.6, 1.1, 0.6, 0.433333, 0.340909, 0.340909, 0.340909, 0.340909, 0.340909, 0.340909, 0.340909, 0.340909, 0.340909, 0.340909, 0.340909, 0.340909, 0.340909, }, 
{0.424242, 0.424242, 0.424242, 0.424242, 0.424242, 0.424242, 0.424242, 0.424242, 0.424242, 0.424242, 0.424242, 0.424242, 0.424242, 1.11111, 1.125, 1.14286, 1.16667, 1.2, 1.25, 1.33333, 1.5, 2, 1.5, 0.424242, 0.424242, 0.611111, 0.625, 0.642857, 0.666667, 0.7, 0.75, 0.833333, 1, 1.5, 1, 0.424242, 0.424242, 0.444444, 0.458333, 0.47619, 0.5, 0.533333, 0.583333, 0.666667, 0.833333, 1.33333, 0.833333, 0.424242, 0.424242, 0.361111, 0.375, 0.392857, 0.416667, 0.45, 0.5, 0.583333, 0.75, 1.25, 0.75, 0.424242, 0.424242, 0.311111, 0.325, 0.342857, 0.366667, 0.4, 0.45, 0.533333, 0.7, 1.2, 0.7, 0.424242, 0.424242, 0.277778, 0.291667, 0.309524, 0.333333, 0.366667, 0.416667, 0.5, 0.666667, 1.16667, 0.666667, 0.424242, 0.424242, 0.253968, 0.267857, 0.285714, 0.309524, 0.342857, 0.392857, 0.47619, 0.642857, 1.14286, 0.642857, 0.424242, 0.424242, 0.236111, 0.25, 0.267857, 0.291667, 0.325, 0.375, 0.458333, 0.625, 1.125, 0.625, 0.424242, 0.424242, 0.222222, 0.236111, 0.253968, 0.277778, 0.311111, 0.361111, 0.444444, 0.611111, 1.11111, 0.611111, 0.424242, 0.424242, 0.211111, 0.225, 0.242857, 0.266667, 0.3, 0.35, 0.433333, 0.6, 1.1, 0.6, 0.424242, 0.424242, 0.424242, 0.424242, 0.424242, 0.424242, 0.424242, 0.424242, 0.424242, 0.424242, 0.424242, 0.424242, 0.424242, }, 
{0.590909, 0.590909, 0.590909, 0.590909, 0.590909, 0.590909, 0.590909, 0.590909, 0.590909, 0.590909, 0.590909, 0.590909, 0.590909, 1.1, 1.11111, 1.125, 1.14286, 1.16667, 1.2, 1.25, 1.33333, 1.5, 2, 0.590909, 0.590909, 0.6, 0.611111, 0.625, 0.642857, 0.666667, 0.7, 0.75, 0.833333, 1, 1.5, 0.590909, 0.590909, 0.433333, 0.444444, 0.458333, 0.47619, 0.5, 0.533333, 0.583333, 0.666667, 0.833333, 1.33333, 0.590909, 0.590909, 0.35, 0.361111, 0.375, 0.392857, 0.416667, 0.45, 0.5, 0.583333, 0.75, 1.25, 0.590909, 0.590909, 0.3, 0.311111, 0.325, 0.342857, 0.366667, 0.4, 0.45, 0.533333, 0.7, 1.2, 0.590909, 0.590909, 0.266667, 0.277778, 0.291667, 0.309524, 0.333333, 0.366667, 0.416667, 0.5, 0.666667, 1.16667, 0.590909, 0.590909, 0.242857, 0.253968, 0.267857, 0.285714, 0.309524, 0.342857, 0.392857, 0.47619, 0.642857, 1.14286, 0.590909, 0.590909, 0.225, 0.236111, 0.25, 0.267857, 0.291667, 0.325, 0.375, 0.458333, 0.625, 1.125, 0.590909, 0.590909, 0.211111, 0.222222, 0.236111, 0.253968, 0.277778, 0.311111, 0.361111, 0.444444, 0.611111, 1.11111, 0.590909, 0.590909, 0.2, 0.211111, 0.225, 0.242857, 0.266667, 0.3, 0.35, 0.433333, 0.6, 1.1, 0.590909, 0.590909, 0.590909, 0.590909, 0.590909, 0.590909, 0.590909, 0.590909, 0.590909, 0.590909, 0.590909, 0.590909, 0.590909, }, 
{2, 2, 2, 2, 2, 2, 2, 2, 2, 2, 2, 2, 2, 0.181818, 0.190909, 0.20202, 0.215909, 0.233766, 0.257576, 0.290909, 0.340909, 0.424242, 0.590909, 2, 2, 0.190909, 0.2, 0.211111, 0.225, 0.242857, 0.266667, 0.3, 0.35, 0.433333, 0.6, 2, 2, 0.20202, 0.211111, 0.222222, 0.236111, 0.253968, 0.277778, 0.311111, 0.361111, 0.444444, 0.611111, 2, 2, 0.215909, 0.225, 0.236111, 0.25, 0.267857, 0.291667, 0.325, 0.375, 0.458333, 0.625, 2, 2, 0.233766, 0.242857, 0.253968, 0.267857, 0.285714, 0.309524, 0.342857, 0.392857, 0.47619, 0.642857, 2, 2, 0.257576, 0.266667, 0.277778, 0.291667, 0.309524, 0.333333, 0.366667, 0.416667, 0.5, 0.666667, 2, 2, 0.290909, 0.3, 0.311111, 0.325, 0.342857, 0.366667, 0.4, 0.45, 0.533333, 0.7, 2, 2, 0.340909, 0.35, 0.361111, 0.375, 0.392857, 0.416667, 0.45, 0.5, 0.583333, 0.75, 2, 2, 0.424242, 0.433333, 0.444444, 0.458333, 0.47619, 0.5, 0.533333, 0.583333, 0.666667, 0.833333, 2, 2, 0.590909, 0.6, 0.611111, 0.625, 0.642857, 0.666667, 0.7, 0.75, 0.833333, 1, 2, 2, 2, 2, 2, 2, 2, 2, 2, 2, 2, 2, 2, }, 
{2, 2, 2, 2, 2, 2, 2, 2, 2, 2, 2, 2, 2, 0.181818, 0.190909, 0.20202, 0.215909, 0.233766, 0.257576, 0.290909, 0.340909, 0.424242, 0.590909, 2, 2, 0.190909, 0.2, 0.211111, 0.225, 0.242857, 0.266667, 0.3, 0.35, 0.433333, 0.6, 2, 2, 0.20202, 0.211111, 0.222222, 0.236111, 0.253968, 0.277778, 0.311111, 0.361111, 0.444444, 0.611111, 2, 2, 0.215909, 0.225, 0.236111, 0.25, 0.267857, 0.291667, 0.325, 0.375, 0.458333, 0.625, 2, 2, 0.233766, 0.242857, 0.253968, 0.267857, 0.285714, 0.309524, 0.342857, 0.392857, 0.47619, 0.642857, 2, 2, 0.257576, 0.266667, 0.277778, 0.291667, 0.309524, 0.333333, 0.366667, 0.416667, 0.5, 0.666667, 2, 2, 0.290909, 0.3, 0.311111, 0.325, 0.342857, 0.366667, 0.4, 0.45, 0.533333, 0.7, 2, 2, 0.340909, 0.35, 0.361111, 0.375, 0.392857, 0.416667, 0.45, 0.5, 0.583333, 0.75, 2, 2, 0.424242, 0.433333, 0.444444, 0.458333, 0.47619, 0.5, 0.533333, 0.583333, 0.666667, 0.833333, 2, 2, 0.590909, 0.6, 0.611111, 0.625, 0.642857, 0.666667, 0.7, 0.75, 0.833333, 1, 2, 2, 2, 2, 2, 2, 2, 2, 2, 2, 2, 2, 2, }, 
{0.190909, 0.190909, 0.190909, 0.190909, 0.190909, 0.190909, 0.190909, 0.190909, 0.190909, 0.190909, 0.190909, 0.190909, 0.190909, 1.5, 1, 0.833333, 0.75, 0.7, 0.666667, 0.642857, 0.625, 0.611111, 0.6, 0.190909, 0.190909, 2, 1.5, 1.33333, 1.25, 1.2, 1.16667, 1.14286, 1.125, 1.11111, 1.1, 0.190909, 0.190909, 1.5, 1, 0.833333, 0.75, 0.7, 0.666667, 0.642857, 0.625, 0.611111, 0.6, 0.190909, 0.190909, 1.33333, 0.833333, 0.666667, 0.583333, 0.533333, 0.5, 0.47619, 0.458333, 0.444444, 0.433333, 0.190909, 0.190909, 1.25, 0.75, 0.583333, 0.5, 0.45, 0.416667, 0.392857, 0.375, 0.361111, 0.35, 0.190909, 0.190909, 1.2, 0.7, 0.533333, 0.45, 0.4, 0.366667, 0.342857, 0.325, 0.311111, 0.3, 0.190909, 0.190909, 1.16667, 0.666667, 0.5, 0.416667, 0.366667, 0.333333, 0.309524, 0.291667, 0.277778, 0.266667, 0.190909, 0.190909, 1.14286, 0.642857, 0.47619, 0.392857, 0.342857, 0.309524, 0.285714, 0.267857, 0.253968, 0.242857, 0.190909, 0.190909, 1.125, 0.625, 0.458333, 0.375, 0.325, 0.291667, 0.267857, 0.25, 0.236111, 0.225, 0.190909, 0.190909, 1.11111, 0.611111, 0.444444, 0.361111, 0.311111, 0.277778, 0.253968, 0.236111, 0.222222, 0.211111, 0.190909, 0.190909, 0.190909, 0.190909, 0.190909, 0.190909, 0.190909, 0.190909, 0.190909, 0.190909, 0.190909, 0.190909, 0.190909, }, 
{0.2, 0.2, 0.2, 0.2, 0.2, 0.2, 0.2, 0.2, 0.2, 0.2, 0.2, 0.2, 0.2, 1, 1.5, 1, 0.833333, 0.75, 0.7, 0.666667, 0.642857, 0.625, 0.611111, 0.2, 0.2, 1.5, 2, 1.5, 1.33333, 1.25, 1.2, 1.16667, 1.14286, 1.125, 1.11111, 0.2, 0.2, 1, 1.5, 1, 0.833333, 0.75, 0.7, 0.666667, 0.642857, 0.625, 0.611111, 0.2, 0.2, 0.833333, 1.33333, 0.833333, 0.666667, 0.583333, 0.533333, 0.5, 0.47619, 0.458333, 0.444444, 0.2, 0.2, 0.75, 1.25, 0.75, 0.583333, 0.5, 0.45, 0.416667, 0.392857, 0.375, 0.361111, 0.2, 0.2, 0.7, 1.2, 0.7, 0.533333, 0.45, 0.4, 0.366667, 0.342857, 0.325, 0.311111, 0.2, 0.2, 0.666667, 1.16667, 0.666667, 0.5, 0.416667, 0.366667, 0.333333, 0.309524, 0.291667, 0.277778, 0.2, 0.2, 0.642857, 1.14286, 0.642857, 0.47619, 0.392857, 0.342857, 0.309524, 0.285714, 0.267857, 0.253968, 0.2, 0.2, 0.625, 1.125, 0.625, 0.458333, 0.375, 0.325, 0.291667, 0.267857, 0.25, 0.236111, 0.2, 0.2, 0.611111, 1.11111, 0.611111, 0.444444, 0.361111, 0.311111, 0.277778, 0.253968, 0.236111, 0.222222, 0.2, 0.2, 0.2, 0.2, 0.2, 0.2, 0.2, 0.2, 0.2, 0.2, 0.2, 0.2, 0.2, }, 
{0.211111, 0.211111, 0.211111, 0.211111, 0.211111, 0.211111, 0.211111, 0.211111, 0.211111, 0.211111, 0.211111, 0.211111, 0.211111, 0.833333, 1, 1.5, 1, 0.833333, 0.75, 0.7, 0.666667, 0.642857, 0.625, 0.211111, 0.211111, 1.33333, 1.5, 2, 1.5, 1.33333, 1.25, 1.2, 1.16667, 1.14286, 1.125, 0.211111, 0.211111, 0.833333, 1, 1.5, 1, 0.833333, 0.75, 0.7, 0.666667, 0.642857, 0.625, 0.211111, 0.211111, 0.666667, 0.833333, 1.33333, 0.833333, 0.666667, 0.583333, 0.533333, 0.5, 0.47619, 0.458333, 0.211111, 0.211111, 0.583333, 0.75, 1.25, 0.75, 0.583333, 0.5, 0.45, 0.416667, 0.392857, 0.375, 0.211111, 0.211111, 0.533333, 0.7, 1.2, 0.7, 0.533333, 0.45, 0.4, 0.366667, 0.342857, 0.325, 0.211111, 0.211111, 0.5, 0.666667, 1.16667, 0.666667, 0.5, 0.416667, 0.366667, 0.333333, 0.309524, 0.291667, 0.211111, 0.211111, 0.47619, 0.642857, 1.14286, 0.642857, 0.47619, 0.392857, 0.342857, 0.309524, 0.285714, 0.267857, 0.211111, 0.211111, 0.458333, 0.625, 1.125, 0.625, 0.458333, 0.375, 0.325, 0.291667, 0.267857, 0.25, 0.211111, 0.211111, 0.444444, 0.611111, 1.11111, 0.611111, 0.444444, 0.361111, 0.311111, 0.277778, 0.253968, 0.236111, 0.211111, 0.211111, 0.211111, 0.211111, 0.211111, 0.211111, 0.211111, 0.211111, 0.211111, 0.211111, 0.211111, 0.211111, 0.211111, }, 
{0.225, 0.225, 0.225, 0.225, 0.225, 0.225, 0.225, 0.225, 0.225, 0.225, 0.225, 0.225, 0.225, 0.75, 0.833333, 1, 1.5, 1, 0.833333, 0.75, 0.7, 0.666667, 0.642857, 0.225, 0.225, 1.25, 1.33333, 1.5, 2, 1.5, 1.33333, 1.25, 1.2, 1.16667, 1.14286, 0.225, 0.225, 0.75, 0.833333, 1, 1.5, 1, 0.833333, 0.75, 0.7, 0.666667, 0.642857, 0.225, 0.225, 0.583333, 0.666667, 0.833333, 1.33333, 0.833333, 0.666667, 0.583333, 0.533333, 0.5, 0.47619, 0.225, 0.225, 0.5, 0.583333, 0.75, 1.25, 0.75, 0.583333, 0.5, 0.45, 0.416667, 0.392857, 0.225, 0.225, 0.45, 0.533333, 0.7, 1.2, 0.7, 0.533333, 0.45, 0.4, 0.366667, 0.342857, 0.225, 0.225, 0.416667, 0.5, 0.666667, 1.16667, 0.666667, 0.5, 0.416667, 0.366667, 0.333333, 0.309524, 0.225, 0.225, 0.392857, 0.47619, 0.642857, 1.14286, 0.642857, 0.47619, 0.392857, 0.342857, 0.309524, 0.285714, 0.225, 0.225, 0.375, 0.458333, 0.625, 1.125, 0.625, 0.458333, 0.375, 0.325, 0.291667, 0.267857, 0.225, 0.225, 0.361111, 0.444444, 0.611111, 1.11111, 0.611111, 0.444444, 0.361111, 0.311111, 0.277778, 0.253968, 0.225, 0.225, 0.225, 0.225, 0.225, 0.225, 0.225, 0.225, 0.225, 0.225, 0.225, 0.225, 0.225, }, 
{0.242857, 0.242857, 0.242857, 0.242857, 0.242857, 0.242857, 0.242857, 0.242857, 0.242857, 0.242857, 0.242857, 0.242857, 0.242857, 0.7, 0.75, 0.833333, 1, 1.5, 1, 0.833333, 0.75, 0.7, 0.666667, 0.242857, 0.242857, 1.2, 1.25, 1.33333, 1.5, 2, 1.5, 1.33333, 1.25, 1.2, 1.16667, 0.242857, 0.242857, 0.7, 0.75, 0.833333, 1, 1.5, 1, 0.833333, 0.75, 0.7, 0.666667, 0.242857, 0.242857, 0.533333, 0.583333, 0.666667, 0.833333, 1.33333, 0.833333, 0.666667, 0.583333, 0.533333, 0.5, 0.242857, 0.242857, 0.45, 0.5, 0.583333, 0.75, 1.25, 0.75, 0.583333, 0.5, 0.45, 0.416667, 0.242857, 0.242857, 0.4, 0.45, 0.533333, 0.7, 1.2, 0.7, 0.533333, 0.45, 0.4, 0.366667, 0.242857, 0.242857, 0.366667, 0.416667, 0.5, 0.666667, 1.16667, 0.666667, 0.5, 0.416667, 0.366667, 0.333333, 0.242857, 0.242857, 0.342857, 0.392857, 0.47619, 0.642857, 1.14286, 0.642857, 0.47619, 0.392857, 0.342857, 0.309524, 0.242857, 0.242857, 0.325, 0.375, 0.458333, 0.625, 1.125, 0.625, 0.458333, 0.375, 0.325, 0.291667, 0.242857, 0.242857, 0.311111, 0.361111, 0.444444, 0.611111, 1.11111, 0.611111, 0.444444, 0.361111, 0.311111, 0.277778, 0.242857, 0.242857, 0.242857, 0.242857, 0.242857, 0.242857, 0.242857, 0.242857, 0.242857, 0.242857, 0.242857, 0.242857, 0.242857, }, 
{0.266667, 0.266667, 0.266667, 0.266667, 0.266667, 0.266667, 0.266667, 0.266667, 0.266667, 0.266667, 0.266667, 0.266667, 0.266667, 0.666667, 0.7, 0.75, 0.833333, 1, 1.5, 1, 0.833333, 0.75, 0.7, 0.266667, 0.266667, 1.16667, 1.2, 1.25, 1.33333, 1.5, 2, 1.5, 1.33333, 1.25, 1.2, 0.266667, 0.266667, 0.666667, 0.7, 0.75, 0.833333, 1, 1.5, 1, 0.833333, 0.75, 0.7, 0.266667, 0.266667, 0.5, 0.533333, 0.583333, 0.666667, 0.833333, 1.33333, 0.833333, 0.666667, 0.583333, 0.533333, 0.266667, 0.266667, 0.416667, 0.45, 0.5, 0.583333, 0.75, 1.25, 0.75, 0.583333, 0.5, 0.45, 0.266667, 0.266667, 0.366667, 0.4, 0.45, 0.533333, 0.7, 1.2, 0.7, 0.533333, 0.45, 0.4, 0.266667, 0.266667, 0.333333, 0.366667, 0.416667, 0.5, 0.666667, 1.16667, 0.666667, 0.5, 0.416667, 0.366667, 0.266667, 0.266667, 0.309524, 0.342857, 0.392857, 0.47619, 0.642857, 1.14286, 0.642857, 0.47619, 0.392857, 0.342857, 0.266667, 0.266667, 0.291667, 0.325, 0.375, 0.458333, 0.625, 1.125, 0.625, 0.458333, 0.375, 0.325, 0.266667, 0.266667, 0.277778, 0.311111, 0.361111, 0.444444, 0.611111, 1.11111, 0.611111, 0.444444, 0.361111, 0.311111, 0.266667, 0.266667, 0.266667, 0.266667, 0.266667, 0.266667, 0.266667, 0.266667, 0.266667, 0.266667, 0.266667, 0.266667, 0.266667, }, 
{0.3, 0.3, 0.3, 0.3, 0.3, 0.3, 0.3, 0.3, 0.3, 0.3, 0.3, 0.3, 0.3, 0.642857, 0.666667, 0.7, 0.75, 0.833333, 1, 1.5, 1, 0.833333, 0.75, 0.3, 0.3, 1.14286, 1.16667, 1.2, 1.25, 1.33333, 1.5, 2, 1.5, 1.33333, 1.25, 0.3, 0.3, 0.642857, 0.666667, 0.7, 0.75, 0.833333, 1, 1.5, 1, 0.833333, 0.75, 0.3, 0.3, 0.47619, 0.5, 0.533333, 0.583333, 0.666667, 0.833333, 1.33333, 0.833333, 0.666667, 0.583333, 0.3, 0.3, 0.392857, 0.416667, 0.45, 0.5, 0.583333, 0.75, 1.25, 0.75, 0.583333, 0.5, 0.3, 0.3, 0.342857, 0.366667, 0.4, 0.45, 0.533333, 0.7, 1.2, 0.7, 0.533333, 0.45, 0.3, 0.3, 0.309524, 0.333333, 0.366667, 0.416667, 0.5, 0.666667, 1.16667, 0.666667, 0.5, 0.416667, 0.3, 0.3, 0.285714, 0.309524, 0.342857, 0.392857, 0.47619, 0.642857, 1.14286, 0.642857, 0.47619, 0.392857, 0.3, 0.3, 0.267857, 0.291667, 0.325, 0.375, 0.458333, 0.625, 1.125, 0.625, 0.458333, 0.375, 0.3, 0.3, 0.253968, 0.277778, 0.311111, 0.361111, 0.444444, 0.611111, 1.11111, 0.611111, 0.444444, 0.361111, 0.3, 0.3, 0.3, 0.3, 0.3, 0.3, 0.3, 0.3, 0.3, 0.3, 0.3, 0.3, 0.3, }, 
{0.35, 0.35, 0.35, 0.35, 0.35, 0.35, 0.35, 0.35, 0.35, 0.35, 0.35, 0.35, 0.35, 0.625, 0.642857, 0.666667, 0.7, 0.75, 0.833333, 1, 1.5, 1, 0.833333, 0.35, 0.35, 1.125, 1.14286, 1.16667, 1.2, 1.25, 1.33333, 1.5, 2, 1.5, 1.33333, 0.35, 0.35, 0.625, 0.642857, 0.666667, 0.7, 0.75, 0.833333, 1, 1.5, 1, 0.833333, 0.35, 0.35, 0.458333, 0.47619, 0.5, 0.533333, 0.583333, 0.666667, 0.833333, 1.33333, 0.833333, 0.666667, 0.35, 0.35, 0.375, 0.392857, 0.416667, 0.45, 0.5, 0.583333, 0.75, 1.25, 0.75, 0.583333, 0.35, 0.35, 0.325, 0.342857, 0.366667, 0.4, 0.45, 0.533333, 0.7, 1.2, 0.7, 0.533333, 0.35, 0.35, 0.291667, 0.309524, 0.333333, 0.366667, 0.416667, 0.5, 0.666667, 1.16667, 0.666667, 0.5, 0.35, 0.35, 0.267857, 0.285714, 0.309524, 0.342857, 0.392857, 0.47619, 0.642857, 1.14286, 0.642857, 0.47619, 0.35, 0.35, 0.25, 0.267857, 0.291667, 0.325, 0.375, 0.458333, 0.625, 1.125, 0.625, 0.458333, 0.35, 0.35, 0.236111, 0.253968, 0.277778, 0.311111, 0.361111, 0.444444, 0.611111, 1.11111, 0.611111, 0.444444, 0.35, 0.35, 0.35, 0.35, 0.35, 0.35, 0.35, 0.35, 0.35, 0.35, 0.35, 0.35, 0.35, }, 
{0.433333, 0.433333, 0.433333, 0.433333, 0.433333, 0.433333, 0.433333, 0.433333, 0.433333, 0.433333, 0.433333, 0.433333, 0.433333, 0.611111, 0.625, 0.642857, 0.666667, 0.7, 0.75, 0.833333, 1, 1.5, 1, 0.433333, 0.433333, 1.11111, 1.125, 1.14286, 1.16667, 1.2, 1.25, 1.33333, 1.5, 2, 1.5, 0.433333, 0.433333, 0.611111, 0.625, 0.642857, 0.666667, 0.7, 0.75, 0.833333, 1, 1.5, 1, 0.433333, 0.433333, 0.444444, 0.458333, 0.47619, 0.5, 0.533333, 0.583333, 0.666667, 0.833333, 1.33333, 0.833333, 0.433333, 0.433333, 0.361111, 0.375, 0.392857, 0.416667, 0.45, 0.5, 0.583333, 0.75, 1.25, 0.75, 0.433333, 0.433333, 0.311111, 0.325, 0.342857, 0.366667, 0.4, 0.45, 0.533333, 0.7, 1.2, 0.7, 0.433333, 0.433333, 0.277778, 0.291667, 0.309524, 0.333333, 0.366667, 0.416667, 0.5, 0.666667, 1.16667, 0.666667, 0.433333, 0.433333, 0.253968, 0.267857, 0.285714, 0.309524, 0.342857, 0.392857, 0.47619, 0.642857, 1.14286, 0.642857, 0.433333, 0.433333, 0.236111, 0.25, 0.267857, 0.291667, 0.325, 0.375, 0.458333, 0.625, 1.125, 0.625, 0.433333, 0.433333, 0.222222, 0.236111, 0.253968, 0.277778, 0.311111, 0.361111, 0.444444, 0.611111, 1.11111, 0.611111, 0.433333, 0.433333, 0.433333, 0.433333, 0.433333, 0.433333, 0.433333, 0.433333, 0.433333, 0.433333, 0.433333, 0.433333, 0.433333, }, 
{0.6, 0.6, 0.6, 0.6, 0.6, 0.6, 0.6, 0.6, 0.6, 0.6, 0.6, 0.6, 0.6, 0.6, 0.611111, 0.625, 0.642857, 0.666667, 0.7, 0.75, 0.833333, 1, 1.5, 0.6, 0.6, 1.1, 1.11111, 1.125, 1.14286, 1.16667, 1.2, 1.25, 1.33333, 1.5, 2, 0.6, 0.6, 0.6, 0.611111, 0.625, 0.642857, 0.666667, 0.7, 0.75, 0.833333, 1, 1.5, 0.6, 0.6, 0.433333, 0.444444, 0.458333, 0.47619, 0.5, 0.533333, 0.583333, 0.666667, 0.833333, 1.33333, 0.6, 0.6, 0.35, 0.361111, 0.375, 0.392857, 0.416667, 0.45, 0.5, 0.583333, 0.75, 1.25, 0.6, 0.6, 0.3, 0.311111, 0.325, 0.342857, 0.366667, 0.4, 0.45, 0.533333, 0.7, 1.2, 0.6, 0.6, 0.266667, 0.277778, 0.291667, 0.309524, 0.333333, 0.366667, 0.416667, 0.5, 0.666667, 1.16667, 0.6, 0.6, 0.242857, 0.253968, 0.267857, 0.285714, 0.309524, 0.342857, 0.392857, 0.47619, 0.642857, 1.14286, 0.6, 0.6, 0.225, 0.236111, 0.25, 0.267857, 0.291667, 0.325, 0.375, 0.458333, 0.625, 1.125, 0.6, 0.6, 0.211111, 0.222222, 0.236111, 0.253968, 0.277778, 0.311111, 0.361111, 0.444444, 0.611111, 1.11111, 0.6, 0.6, 0.6, 0.6, 0.6, 0.6, 0.6, 0.6, 0.6, 0.6, 0.6, 0.6, 0.6, }, 
